run,package,interval,language,exec_time,num_clients,cpu_percentage,memory_usage
2024-12-01 23:28:12.786,run_28_repetition_5,,,cpp,180,2,0.0,21495808
2024-12-01 23:28:13.008,run_28_repetition_5,,,cpp,180,2,0.0,21495808
2024-12-01 23:28:13.229,run_28_repetition_5,,,cpp,180,2,0.0,21495808
2024-12-01 23:28:13.449,run_28_repetition_5,,,cpp,180,2,0.0,21495808
2024-12-01 23:28:13.671,run_28_repetition_5,,,cpp,180,2,0.0,21495808
2024-12-01 23:28:13.893,run_28_repetition_5,,,cpp,180,2,0.0,21495808
2024-12-01 23:28:14.113,run_28_repetition_5,,,cpp,180,2,0.0,21495808
2024-12-01 23:28:14.334,run_28_repetition_5,,,cpp,180,2,0.0,21495808
2024-12-01 23:28:14.555,run_28_repetition_5,,,cpp,180,2,0.0,21495808
2024-12-01 23:28:14.774,run_28_repetition_5,,,cpp,180,2,0.0,21495808
2024-12-01 23:28:14.996,run_28_repetition_5,,,cpp,180,2,0.0,21495808
2024-12-01 23:28:15.216,run_28_repetition_5,,,cpp,180,2,0.0,21495808
2024-12-01 23:28:15.436,run_28_repetition_5,,,cpp,180,2,0.0,21495808
2024-12-01 23:28:15.658,run_28_repetition_5,,,cpp,180,2,0.0,21495808
2024-12-01 23:28:15.878,run_28_repetition_5,,,cpp,180,2,0.0,21495808
2024-12-01 23:28:16.098,run_28_repetition_5,,,cpp,180,2,0.0,21495808
2024-12-01 23:28:16.320,run_28_repetition_5,,,cpp,180,2,0.0,21495808
2024-12-01 23:28:16.540,run_28_repetition_5,,,cpp,180,2,0.0,21495808
2024-12-01 23:28:16.760,run_28_repetition_5,,,cpp,180,2,0.0,21495808
2024-12-01 23:28:16.981,run_28_repetition_5,,,cpp,180,2,0.0,21495808
2024-12-01 23:28:17.201,run_28_repetition_5,,,cpp,180,2,0.0,21495808
2024-12-01 23:28:17.422,run_28_repetition_5,,,cpp,180,2,0.0,21495808
2024-12-01 23:28:17.642,run_28_repetition_5,,,cpp,180,2,0.0,21495808
2024-12-01 23:28:17.863,run_28_repetition_5,,,cpp,180,2,0.0,21495808
2024-12-01 23:28:18.084,run_28_repetition_5,,,cpp,180,2,0.0,21495808
2024-12-01 23:28:18.304,run_28_repetition_5,,,cpp,180,2,0.0,21495808
2024-12-01 23:28:18.525,run_28_repetition_5,,,cpp,180,2,0.0,21495808
2024-12-01 23:28:18.746,run_28_repetition_5,,,cpp,180,2,0.0,21495808
2024-12-01 23:28:18.967,run_28_repetition_5,,,cpp,180,2,0.0,21495808
2024-12-01 23:28:19.187,run_28_repetition_5,,,cpp,180,2,0.0,21495808
2024-12-01 23:28:19.407,run_28_repetition_5,,,cpp,180,2,0.0,21495808
2024-12-01 23:28:19.627,run_28_repetition_5,,,cpp,180,2,0.0,21495808
2024-12-01 23:28:19.847,run_28_repetition_5,,,cpp,180,2,0.0,21495808
2024-12-01 23:28:20.068,run_28_repetition_5,,,cpp,180,2,0.0,21495808
2024-12-01 23:28:20.289,run_28_repetition_5,,,cpp,180,2,0.0,21495808
2024-12-01 23:28:20.509,run_28_repetition_5,,,cpp,180,2,0.0,21495808
2024-12-01 23:28:20.730,run_28_repetition_5,,,cpp,180,2,0.0,21495808
2024-12-01 23:28:20.951,run_28_repetition_5,,,cpp,180,2,0.0,21495808
2024-12-01 23:28:21.171,run_28_repetition_5,,,cpp,180,2,0.0,21495808
2024-12-01 23:28:21.391,run_28_repetition_5,,,cpp,180,2,0.0,21495808
2024-12-01 23:28:21.611,run_28_repetition_5,,,cpp,180,2,0.0,21495808
2024-12-01 23:28:21.831,run_28_repetition_5,,,cpp,180,2,0.0,21495808
2024-12-01 23:28:22.051,run_28_repetition_5,,,cpp,180,2,0.0,21495808
2024-12-01 23:28:22.271,run_28_repetition_5,,,cpp,180,2,10.0,21495808
2024-12-01 23:28:22.492,run_28_repetition_5,,,cpp,180,2,0.0,21495808
2024-12-01 23:28:22.712,run_28_repetition_5,,,cpp,180,2,0.0,21495808
2024-12-01 23:28:22.932,run_28_repetition_5,,,cpp,180,2,0.0,21495808
2024-12-01 23:28:23.154,run_28_repetition_5,,,cpp,180,2,0.0,21495808
2024-12-01 23:28:23.374,run_28_repetition_5,,,cpp,180,2,0.0,21495808
2024-12-01 23:28:23.595,run_28_repetition_5,,,cpp,180,2,0.0,21495808
2024-12-01 23:28:23.815,run_28_repetition_5,,,cpp,180,2,0.0,21495808
2024-12-01 23:28:24.036,run_28_repetition_5,,,cpp,180,2,0.0,21495808
2024-12-01 23:28:24.255,run_28_repetition_5,,,cpp,180,2,0.0,21495808
2024-12-01 23:28:24.476,run_28_repetition_5,,,cpp,180,2,0.0,21495808
2024-12-01 23:28:24.696,run_28_repetition_5,,,cpp,180,2,0.0,21495808
2024-12-01 23:28:24.917,run_28_repetition_5,,,cpp,180,2,0.0,21495808
2024-12-01 23:28:25.139,run_28_repetition_5,,,cpp,180,2,0.0,21495808
2024-12-01 23:28:25.360,run_28_repetition_5,,,cpp,180,2,0.0,21495808
2024-12-01 23:28:25.580,run_28_repetition_5,,,cpp,180,2,0.0,21495808
2024-12-01 23:28:25.801,run_28_repetition_5,,,cpp,180,2,0.0,21495808
2024-12-01 23:28:26.022,run_28_repetition_5,,,cpp,180,2,0.0,21495808
2024-12-01 23:28:26.243,run_28_repetition_5,,,cpp,180,2,0.0,21495808
2024-12-01 23:28:26.463,run_28_repetition_5,,,cpp,180,2,0.0,21495808
2024-12-01 23:28:26.683,run_28_repetition_5,,,cpp,180,2,0.0,21495808
2024-12-01 23:28:26.904,run_28_repetition_5,,,cpp,180,2,0.0,21495808
2024-12-01 23:28:27.124,run_28_repetition_5,,,cpp,180,2,0.0,21495808
2024-12-01 23:28:27.345,run_28_repetition_5,,,cpp,180,2,0.0,21495808
2024-12-01 23:28:27.565,run_28_repetition_5,,,cpp,180,2,0.0,21495808
2024-12-01 23:28:27.786,run_28_repetition_5,,,cpp,180,2,0.0,21495808
2024-12-01 23:28:28.006,run_28_repetition_5,,,cpp,180,2,0.0,21495808
2024-12-01 23:28:28.227,run_28_repetition_5,,,cpp,180,2,0.0,21495808
2024-12-01 23:28:28.447,run_28_repetition_5,,,cpp,180,2,0.0,21495808
2024-12-01 23:28:28.668,run_28_repetition_5,,,cpp,180,2,0.0,21495808
2024-12-01 23:28:28.888,run_28_repetition_5,,,cpp,180,2,0.0,21495808
2024-12-01 23:28:29.108,run_28_repetition_5,,,cpp,180,2,0.0,21495808
2024-12-01 23:28:29.328,run_28_repetition_5,,,cpp,180,2,0.0,21495808
2024-12-01 23:28:29.549,run_28_repetition_5,,,cpp,180,2,0.0,21495808
2024-12-01 23:28:29.770,run_28_repetition_5,,,cpp,180,2,0.0,21495808
2024-12-01 23:28:29.990,run_28_repetition_5,,,cpp,180,2,0.0,21495808
2024-12-01 23:28:30.210,run_28_repetition_5,,,cpp,180,2,0.0,21495808
2024-12-01 23:28:30.431,run_28_repetition_5,,,cpp,180,2,0.0,21495808
2024-12-01 23:28:30.652,run_28_repetition_5,,,cpp,180,2,0.0,21495808
2024-12-01 23:28:30.872,run_28_repetition_5,,,cpp,180,2,0.0,21495808
2024-12-01 23:28:31.093,run_28_repetition_5,,,cpp,180,2,0.0,21495808
2024-12-01 23:28:31.313,run_28_repetition_5,,,cpp,180,2,0.0,21495808
2024-12-01 23:28:31.533,run_28_repetition_5,,,cpp,180,2,0.0,21495808
2024-12-01 23:28:31.754,run_28_repetition_5,,,cpp,180,2,0.0,21495808
2024-12-01 23:28:31.974,run_28_repetition_5,,,cpp,180,2,0.0,21495808
2024-12-01 23:28:32.195,run_28_repetition_5,,,cpp,180,2,0.0,21495808
2024-12-01 23:28:32.415,run_28_repetition_5,,,cpp,180,2,0.0,21495808
2024-12-01 23:28:32.635,run_28_repetition_5,,,cpp,180,2,0.0,21495808
2024-12-01 23:28:32.855,run_28_repetition_5,,,cpp,180,2,0.0,21495808
2024-12-01 23:28:33.075,run_28_repetition_5,,,cpp,180,2,0.0,21495808
2024-12-01 23:28:33.296,run_28_repetition_5,,,cpp,180,2,0.0,21495808
2024-12-01 23:28:33.517,run_28_repetition_5,,,cpp,180,2,0.0,21495808
2024-12-01 23:28:33.738,run_28_repetition_5,,,cpp,180,2,0.0,21495808
2024-12-01 23:28:33.958,run_28_repetition_5,,,cpp,180,2,0.0,21495808
2024-12-01 23:28:34.179,run_28_repetition_5,,,cpp,180,2,0.0,21495808
2024-12-01 23:28:34.400,run_28_repetition_5,,,cpp,180,2,0.0,21495808
2024-12-01 23:28:34.621,run_28_repetition_5,,,cpp,180,2,0.0,21495808
2024-12-01 23:28:34.841,run_28_repetition_5,,,cpp,180,2,0.0,21495808
2024-12-01 23:28:35.062,run_28_repetition_5,,,cpp,180,2,0.0,21495808
2024-12-01 23:28:35.282,run_28_repetition_5,,,cpp,180,2,0.0,21495808
2024-12-01 23:28:35.502,run_28_repetition_5,,,cpp,180,2,0.0,21495808
2024-12-01 23:28:35.722,run_28_repetition_5,,,cpp,180,2,0.0,21495808
2024-12-01 23:28:35.942,run_28_repetition_5,,,cpp,180,2,0.0,21495808
2024-12-01 23:28:36.163,run_28_repetition_5,,,cpp,180,2,0.0,21495808
2024-12-01 23:28:36.384,run_28_repetition_5,,,cpp,180,2,0.0,21495808
2024-12-01 23:28:36.604,run_28_repetition_5,,,cpp,180,2,0.0,21495808
2024-12-01 23:28:36.824,run_28_repetition_5,,,cpp,180,2,0.0,21495808
2024-12-01 23:28:37.043,run_28_repetition_5,,,cpp,180,2,0.0,21495808
2024-12-01 23:28:37.262,run_28_repetition_5,,,cpp,180,2,0.0,21495808
2024-12-01 23:28:37.483,run_28_repetition_5,,,cpp,180,2,0.0,21495808
2024-12-01 23:28:37.703,run_28_repetition_5,,,cpp,180,2,0.0,21495808
2024-12-01 23:28:37.924,run_28_repetition_5,,,cpp,180,2,0.0,21495808
2024-12-01 23:28:38.145,run_28_repetition_5,,,cpp,180,2,0.0,21495808
2024-12-01 23:28:38.365,run_28_repetition_5,,,cpp,180,2,0.0,21495808
2024-12-01 23:28:38.585,run_28_repetition_5,,,cpp,180,2,0.0,21495808
2024-12-01 23:28:38.805,run_28_repetition_5,,,cpp,180,2,0.0,21495808
2024-12-01 23:28:39.026,run_28_repetition_5,,,cpp,180,2,0.0,21495808
2024-12-01 23:28:39.247,run_28_repetition_5,,,cpp,180,2,0.0,21495808
2024-12-01 23:28:39.467,run_28_repetition_5,,,cpp,180,2,0.0,21495808
2024-12-01 23:28:39.687,run_28_repetition_5,,,cpp,180,2,0.0,21495808
2024-12-01 23:28:39.908,run_28_repetition_5,,,cpp,180,2,0.0,21495808
2024-12-01 23:28:40.128,run_28_repetition_5,,,cpp,180,2,0.0,21495808
2024-12-01 23:28:40.349,run_28_repetition_5,,,cpp,180,2,0.0,21495808
2024-12-01 23:28:40.570,run_28_repetition_5,,,cpp,180,2,0.0,21495808
2024-12-01 23:28:40.790,run_28_repetition_5,,,cpp,180,2,0.0,21495808
2024-12-01 23:28:41.011,run_28_repetition_5,,,cpp,180,2,0.0,21495808
2024-12-01 23:28:41.234,run_28_repetition_5,,,cpp,180,2,0.0,21495808
2024-12-01 23:28:41.464,run_28_repetition_5,,,cpp,180,2,0.0,21495808
2024-12-01 23:28:41.694,run_28_repetition_5,,,cpp,180,2,0.0,21495808
2024-12-01 23:28:41.925,run_28_repetition_5,,,cpp,180,2,0.0,21495808
2024-12-01 23:28:42.152,run_28_repetition_5,,,cpp,180,2,0.0,21495808
2024-12-01 23:28:42.372,run_28_repetition_5,,,cpp,180,2,0.0,21495808
2024-12-01 23:28:42.593,run_28_repetition_5,,,cpp,180,2,0.0,21495808
2024-12-01 23:28:42.813,run_28_repetition_5,,,cpp,180,2,0.0,21495808
2024-12-01 23:28:43.034,run_28_repetition_5,,,cpp,180,2,0.0,21495808
2024-12-01 23:28:43.254,run_28_repetition_5,,,cpp,180,2,0.0,21495808
2024-12-01 23:28:43.475,run_28_repetition_5,,,cpp,180,2,0.0,21495808
2024-12-01 23:28:43.696,run_28_repetition_5,,,cpp,180,2,0.0,21495808
2024-12-01 23:28:43.916,run_28_repetition_5,,,cpp,180,2,0.0,21495808
2024-12-01 23:28:44.137,run_28_repetition_5,,,cpp,180,2,0.0,21495808
2024-12-01 23:28:44.357,run_28_repetition_5,,,cpp,180,2,0.0,21495808
2024-12-01 23:28:44.578,run_28_repetition_5,,,cpp,180,2,0.0,21495808
2024-12-01 23:28:44.799,run_28_repetition_5,,,cpp,180,2,0.0,21495808
2024-12-01 23:28:45.018,run_28_repetition_5,,,cpp,180,2,0.0,21495808
2024-12-01 23:28:45.239,run_28_repetition_5,,,cpp,180,2,0.0,21495808
2024-12-01 23:28:45.459,run_28_repetition_5,,,cpp,180,2,0.0,21495808
2024-12-01 23:28:45.680,run_28_repetition_5,,,cpp,180,2,0.0,21495808
2024-12-01 23:28:45.900,run_28_repetition_5,,,cpp,180,2,0.0,21495808
2024-12-01 23:28:46.120,run_28_repetition_5,,,cpp,180,2,0.0,21495808
2024-12-01 23:28:46.341,run_28_repetition_5,,,cpp,180,2,0.0,21495808
2024-12-01 23:28:46.561,run_28_repetition_5,,,cpp,180,2,0.0,21495808
2024-12-01 23:28:46.781,run_28_repetition_5,,,cpp,180,2,0.0,21495808
2024-12-01 23:28:47.002,run_28_repetition_5,,,cpp,180,2,0.0,21495808
2024-12-01 23:28:47.222,run_28_repetition_5,,,cpp,180,2,0.0,21495808
2024-12-01 23:28:47.442,run_28_repetition_5,,,cpp,180,2,0.0,21495808
2024-12-01 23:28:47.662,run_28_repetition_5,,,cpp,180,2,0.0,21495808
2024-12-01 23:28:47.883,run_28_repetition_5,,,cpp,180,2,0.0,21495808
2024-12-01 23:28:48.104,run_28_repetition_5,,,cpp,180,2,0.0,21495808
2024-12-01 23:28:48.324,run_28_repetition_5,,,cpp,180,2,0.0,21495808
2024-12-01 23:28:48.544,run_28_repetition_5,,,cpp,180,2,0.0,21495808
2024-12-01 23:28:48.765,run_28_repetition_5,,,cpp,180,2,0.0,21495808
2024-12-01 23:28:48.985,run_28_repetition_5,,,cpp,180,2,0.0,21495808
2024-12-01 23:28:49.205,run_28_repetition_5,,,cpp,180,2,0.0,21495808
2024-12-01 23:28:49.424,run_28_repetition_5,,,cpp,180,2,0.0,21495808
2024-12-01 23:28:49.644,run_28_repetition_5,,,cpp,180,2,0.0,21495808
2024-12-01 23:28:49.864,run_28_repetition_5,,,cpp,180,2,0.0,21495808
2024-12-01 23:28:50.085,run_28_repetition_5,,,cpp,180,2,0.0,21495808
2024-12-01 23:28:50.305,run_28_repetition_5,,,cpp,180,2,0.0,21495808
2024-12-01 23:28:50.525,run_28_repetition_5,,,cpp,180,2,0.0,21495808
2024-12-01 23:28:50.745,run_28_repetition_5,,,cpp,180,2,0.0,21495808
2024-12-01 23:28:50.965,run_28_repetition_5,,,cpp,180,2,0.0,21495808
2024-12-01 23:28:51.186,run_28_repetition_5,,,cpp,180,2,0.0,21495808
2024-12-01 23:28:51.406,run_28_repetition_5,,,cpp,180,2,0.0,21495808
2024-12-01 23:28:51.626,run_28_repetition_5,,,cpp,180,2,0.0,21495808
2024-12-01 23:28:51.846,run_28_repetition_5,,,cpp,180,2,0.0,21495808
2024-12-01 23:28:52.067,run_28_repetition_5,,,cpp,180,2,0.0,21495808
2024-12-01 23:28:52.287,run_28_repetition_5,,,cpp,180,2,0.0,21495808
2024-12-01 23:28:52.508,run_28_repetition_5,,,cpp,180,2,0.0,21495808
2024-12-01 23:28:52.728,run_28_repetition_5,,,cpp,180,2,0.0,21495808
2024-12-01 23:28:52.949,run_28_repetition_5,,,cpp,180,2,0.0,21495808
2024-12-01 23:28:53.178,run_28_repetition_5,,,cpp,180,2,0.0,21495808
2024-12-01 23:28:53.408,run_28_repetition_5,,,cpp,180,2,0.0,21495808
2024-12-01 23:28:53.638,run_28_repetition_5,,,cpp,180,2,0.0,21495808
2024-12-01 23:28:53.868,run_28_repetition_5,,,cpp,180,2,0.0,21495808
2024-12-01 23:28:54.098,run_28_repetition_5,,,cpp,180,2,0.0,21495808
2024-12-01 23:28:54.328,run_28_repetition_5,,,cpp,180,2,0.0,21495808
2024-12-01 23:28:54.557,run_28_repetition_5,,,cpp,180,2,0.0,21495808
2024-12-01 23:28:54.787,run_28_repetition_5,,,cpp,180,2,0.0,21495808
2024-12-01 23:28:55.017,run_28_repetition_5,,,cpp,180,2,0.0,21495808
2024-12-01 23:28:55.241,run_28_repetition_5,,,cpp,180,2,0.0,21495808
2024-12-01 23:28:55.463,run_28_repetition_5,,,cpp,180,2,0.0,21495808
2024-12-01 23:28:55.683,run_28_repetition_5,,,cpp,180,2,0.0,21495808
2024-12-01 23:28:55.904,run_28_repetition_5,,,cpp,180,2,0.0,21495808
2024-12-01 23:28:56.125,run_28_repetition_5,,,cpp,180,2,0.0,21495808
2024-12-01 23:28:56.345,run_28_repetition_5,,,cpp,180,2,0.0,21495808
2024-12-01 23:28:56.566,run_28_repetition_5,,,cpp,180,2,0.0,21495808
2024-12-01 23:28:56.786,run_28_repetition_5,,,cpp,180,2,0.0,21495808
2024-12-01 23:28:57.007,run_28_repetition_5,,,cpp,180,2,0.0,21495808
2024-12-01 23:28:57.227,run_28_repetition_5,,,cpp,180,2,0.0,21495808
2024-12-01 23:28:57.447,run_28_repetition_5,,,cpp,180,2,0.0,21495808
2024-12-01 23:28:57.667,run_28_repetition_5,,,cpp,180,2,0.0,21495808
2024-12-01 23:28:57.887,run_28_repetition_5,,,cpp,180,2,0.0,21495808
2024-12-01 23:28:58.109,run_28_repetition_5,,,cpp,180,2,0.0,21495808
2024-12-01 23:28:58.328,run_28_repetition_5,,,cpp,180,2,0.0,21495808
2024-12-01 23:28:58.549,run_28_repetition_5,,,cpp,180,2,0.0,21495808
2024-12-01 23:28:58.770,run_28_repetition_5,,,cpp,180,2,0.0,21495808
2024-12-01 23:28:58.991,run_28_repetition_5,,,cpp,180,2,0.0,21495808
2024-12-01 23:28:59.211,run_28_repetition_5,,,cpp,180,2,0.0,21495808
2024-12-01 23:28:59.432,run_28_repetition_5,,,cpp,180,2,0.0,21495808
2024-12-01 23:28:59.651,run_28_repetition_5,,,cpp,180,2,0.0,21495808
2024-12-01 23:28:59.871,run_28_repetition_5,,,cpp,180,2,0.0,21495808
2024-12-01 23:29:00.092,run_28_repetition_5,,,cpp,180,2,0.0,21495808
2024-12-01 23:29:00.312,run_28_repetition_5,,,cpp,180,2,0.0,21495808
2024-12-01 23:29:00.533,run_28_repetition_5,,,cpp,180,2,0.0,21495808
2024-12-01 23:29:00.753,run_28_repetition_5,,,cpp,180,2,0.0,21495808
2024-12-01 23:29:00.973,run_28_repetition_5,,,cpp,180,2,0.0,21495808
2024-12-01 23:29:01.193,run_28_repetition_5,,,cpp,180,2,0.0,21495808
2024-12-01 23:29:01.414,run_28_repetition_5,,,cpp,180,2,0.0,21495808
2024-12-01 23:29:01.634,run_28_repetition_5,,,cpp,180,2,0.0,21495808
2024-12-01 23:29:01.855,run_28_repetition_5,,,cpp,180,2,0.0,21495808
2024-12-01 23:29:02.075,run_28_repetition_5,,,cpp,180,2,0.0,21495808
2024-12-01 23:29:02.295,run_28_repetition_5,,,cpp,180,2,0.0,21495808
2024-12-01 23:29:02.515,run_28_repetition_5,,,cpp,180,2,0.0,21495808
2024-12-01 23:29:02.735,run_28_repetition_5,,,cpp,180,2,0.0,21495808
2024-12-01 23:29:02.956,run_28_repetition_5,,,cpp,180,2,0.0,21495808
2024-12-01 23:29:03.175,run_28_repetition_5,,,cpp,180,2,0.0,21495808
2024-12-01 23:29:03.395,run_28_repetition_5,,,cpp,180,2,0.0,21495808
2024-12-01 23:29:03.623,run_28_repetition_5,,,cpp,180,2,0.0,21495808
2024-12-01 23:29:03.839,run_28_repetition_5,,,cpp,180,2,0.0,21495808
2024-12-01 23:29:04.055,run_28_repetition_5,,,cpp,180,2,0.0,21495808
2024-12-01 23:29:04.272,run_28_repetition_5,,,cpp,180,2,0.0,21495808
2024-12-01 23:29:04.488,run_28_repetition_5,,,cpp,180,2,0.0,21495808
2024-12-01 23:29:04.705,run_28_repetition_5,,,cpp,180,2,0.0,21495808
2024-12-01 23:29:04.923,run_28_repetition_5,,,cpp,180,2,0.0,21495808
2024-12-01 23:29:05.143,run_28_repetition_5,,,cpp,180,2,0.0,21495808
2024-12-01 23:29:05.363,run_28_repetition_5,,,cpp,180,2,0.0,21495808
2024-12-01 23:29:05.586,run_28_repetition_5,,,cpp,180,2,0.0,21495808
2024-12-01 23:29:05.803,run_28_repetition_5,,,cpp,180,2,0.0,21495808
2024-12-01 23:29:06.014,run_28_repetition_5,,,cpp,180,2,0.0,21495808
2024-12-01 23:29:06.225,run_28_repetition_5,,,cpp,180,2,0.0,21495808
2024-12-01 23:29:06.435,run_28_repetition_5,,,cpp,180,2,0.0,21495808
2024-12-01 23:29:06.645,run_28_repetition_5,,,cpp,180,2,0.0,21495808
2024-12-01 23:29:06.856,run_28_repetition_5,,,cpp,180,2,0.0,21495808
2024-12-01 23:29:07.067,run_28_repetition_5,,,cpp,180,2,0.0,21495808
2024-12-01 23:29:07.277,run_28_repetition_5,,,cpp,180,2,0.0,21495808
2024-12-01 23:29:07.487,run_28_repetition_5,,,cpp,180,2,0.0,21495808
2024-12-01 23:29:07.696,run_28_repetition_5,,,cpp,180,2,0.0,21495808
2024-12-01 23:29:07.906,run_28_repetition_5,,,cpp,180,2,0.0,21495808
2024-12-01 23:29:08.115,run_28_repetition_5,,,cpp,180,2,0.0,21495808
2024-12-01 23:29:08.324,run_28_repetition_5,,,cpp,180,2,0.0,21495808
2024-12-01 23:29:08.534,run_28_repetition_5,,,cpp,180,2,0.0,21495808
2024-12-01 23:29:08.744,run_28_repetition_5,,,cpp,180,2,0.0,21495808
2024-12-01 23:29:08.954,run_28_repetition_5,,,cpp,180,2,0.0,21495808
2024-12-01 23:29:09.164,run_28_repetition_5,,,cpp,180,2,0.0,21495808
2024-12-01 23:29:09.375,run_28_repetition_5,,,cpp,180,2,0.0,21495808
2024-12-01 23:29:09.585,run_28_repetition_5,,,cpp,180,2,0.0,21495808
2024-12-01 23:29:09.795,run_28_repetition_5,,,cpp,180,2,0.0,21495808
2024-12-01 23:29:10.004,run_28_repetition_5,,,cpp,180,2,0.0,21495808
2024-12-01 23:29:10.214,run_28_repetition_5,,,cpp,180,2,0.0,21495808
2024-12-01 23:29:10.426,run_28_repetition_5,,,cpp,180,2,0.0,21495808
2024-12-01 23:29:10.635,run_28_repetition_5,,,cpp,180,2,0.0,21495808
2024-12-01 23:29:10.844,run_28_repetition_5,,,cpp,180,2,0.0,21495808
2024-12-01 23:29:11.054,run_28_repetition_5,,,cpp,180,2,0.0,21495808
2024-12-01 23:29:11.264,run_28_repetition_5,,,cpp,180,2,0.0,21495808
2024-12-01 23:29:11.473,run_28_repetition_5,,,cpp,180,2,0.0,21495808
2024-12-01 23:29:11.683,run_28_repetition_5,,,cpp,180,2,0.0,21495808
2024-12-01 23:29:11.893,run_28_repetition_5,,,cpp,180,2,0.0,21495808
2024-12-01 23:29:12.102,run_28_repetition_5,,,cpp,180,2,0.0,21495808
2024-12-01 23:29:12.312,run_28_repetition_5,,,cpp,180,2,10.0,21495808
2024-12-01 23:29:12.522,run_28_repetition_5,,,cpp,180,2,0.0,21495808
2024-12-01 23:29:12.731,run_28_repetition_5,,,cpp,180,2,0.0,21495808
2024-12-01 23:29:12.941,run_28_repetition_5,,,cpp,180,2,0.0,21495808
2024-12-01 23:29:13.151,run_28_repetition_5,,,cpp,180,2,0.0,21495808
2024-12-01 23:29:13.361,run_28_repetition_5,,,cpp,180,2,0.0,21495808
2024-12-01 23:29:13.571,run_28_repetition_5,,,cpp,180,2,0.0,21495808
2024-12-01 23:29:13.780,run_28_repetition_5,,,cpp,180,2,0.0,21495808
2024-12-01 23:29:13.990,run_28_repetition_5,,,cpp,180,2,0.0,21495808
2024-12-01 23:29:14.199,run_28_repetition_5,,,cpp,180,2,0.0,21495808
2024-12-01 23:29:14.408,run_28_repetition_5,,,cpp,180,2,0.0,21495808
2024-12-01 23:29:14.618,run_28_repetition_5,,,cpp,180,2,0.0,21495808
2024-12-01 23:29:14.828,run_28_repetition_5,,,cpp,180,2,0.0,21495808
2024-12-01 23:29:15.038,run_28_repetition_5,,,cpp,180,2,0.0,21495808
2024-12-01 23:29:15.248,run_28_repetition_5,,,cpp,180,2,0.0,21495808
2024-12-01 23:29:15.457,run_28_repetition_5,,,cpp,180,2,0.0,21495808
2024-12-01 23:29:15.668,run_28_repetition_5,,,cpp,180,2,0.0,21495808
2024-12-01 23:29:15.877,run_28_repetition_5,,,cpp,180,2,0.0,21495808
2024-12-01 23:29:16.087,run_28_repetition_5,,,cpp,180,2,0.0,21495808
2024-12-01 23:29:16.296,run_28_repetition_5,,,cpp,180,2,0.0,21495808
2024-12-01 23:29:16.506,run_28_repetition_5,,,cpp,180,2,0.0,21495808
2024-12-01 23:29:16.715,run_28_repetition_5,,,cpp,180,2,0.0,21495808
2024-12-01 23:29:16.925,run_28_repetition_5,,,cpp,180,2,0.0,21495808
2024-12-01 23:29:17.134,run_28_repetition_5,,,cpp,180,2,0.0,21495808
2024-12-01 23:29:17.344,run_28_repetition_5,,,cpp,180,2,0.0,21495808
2024-12-01 23:29:17.553,run_28_repetition_5,,,cpp,180,2,0.0,21495808
2024-12-01 23:29:17.763,run_28_repetition_5,,,cpp,180,2,0.0,21495808
2024-12-01 23:29:17.972,run_28_repetition_5,,,cpp,180,2,0.0,21495808
2024-12-01 23:29:18.182,run_28_repetition_5,,,cpp,180,2,0.0,21495808
2024-12-01 23:29:18.391,run_28_repetition_5,,,cpp,180,2,0.0,21495808
2024-12-01 23:29:18.601,run_28_repetition_5,,,cpp,180,2,0.0,21495808
2024-12-01 23:29:18.811,run_28_repetition_5,,,cpp,180,2,0.0,21495808
2024-12-01 23:29:19.020,run_28_repetition_5,,,cpp,180,2,0.0,21495808
2024-12-01 23:29:19.230,run_28_repetition_5,,,cpp,180,2,0.0,21495808
2024-12-01 23:29:19.439,run_28_repetition_5,,,cpp,180,2,0.0,21495808
2024-12-01 23:29:19.649,run_28_repetition_5,,,cpp,180,2,0.0,21495808
2024-12-01 23:29:19.858,run_28_repetition_5,,,cpp,180,2,0.0,21495808
2024-12-01 23:29:20.067,run_28_repetition_5,,,cpp,180,2,0.0,21495808
2024-12-01 23:29:20.277,run_28_repetition_5,,,cpp,180,2,0.0,21495808
2024-12-01 23:29:20.486,run_28_repetition_5,,,cpp,180,2,0.0,21495808
2024-12-01 23:29:20.696,run_28_repetition_5,,,cpp,180,2,0.0,21495808
2024-12-01 23:29:20.906,run_28_repetition_5,,,cpp,180,2,0.0,21495808
2024-12-01 23:29:21.115,run_28_repetition_5,,,cpp,180,2,0.0,21495808
2024-12-01 23:29:21.325,run_28_repetition_5,,,cpp,180,2,0.0,21495808
2024-12-01 23:29:21.534,run_28_repetition_5,,,cpp,180,2,0.0,21495808
2024-12-01 23:29:21.744,run_28_repetition_5,,,cpp,180,2,0.0,21495808
2024-12-01 23:29:21.953,run_28_repetition_5,,,cpp,180,2,0.0,21495808
2024-12-01 23:29:22.163,run_28_repetition_5,,,cpp,180,2,0.0,21495808
2024-12-01 23:29:22.372,run_28_repetition_5,,,cpp,180,2,0.0,21495808
2024-12-01 23:29:22.582,run_28_repetition_5,,,cpp,180,2,0.0,21495808
2024-12-01 23:29:22.792,run_28_repetition_5,,,cpp,180,2,0.0,21495808
2024-12-01 23:29:23.001,run_28_repetition_5,,,cpp,180,2,0.0,21495808
2024-12-01 23:29:23.211,run_28_repetition_5,,,cpp,180,2,0.0,21495808
2024-12-01 23:29:23.421,run_28_repetition_5,,,cpp,180,2,0.0,21495808
2024-12-01 23:29:23.630,run_28_repetition_5,,,cpp,180,2,0.0,21495808
2024-12-01 23:29:23.840,run_28_repetition_5,,,cpp,180,2,0.0,21495808
2024-12-01 23:29:24.049,run_28_repetition_5,,,cpp,180,2,0.0,21495808
2024-12-01 23:29:24.259,run_28_repetition_5,,,cpp,180,2,0.0,21495808
2024-12-01 23:29:24.469,run_28_repetition_5,,,cpp,180,2,0.0,21495808
2024-12-01 23:29:24.679,run_28_repetition_5,,,cpp,180,2,0.0,21495808
2024-12-01 23:29:24.888,run_28_repetition_5,,,cpp,180,2,0.0,21495808
2024-12-01 23:29:25.098,run_28_repetition_5,,,cpp,180,2,0.0,21495808
2024-12-01 23:29:25.308,run_28_repetition_5,,,cpp,180,2,0.0,21495808
2024-12-01 23:29:25.518,run_28_repetition_5,,,cpp,180,2,0.0,21495808
2024-12-01 23:29:25.728,run_28_repetition_5,,,cpp,180,2,0.0,21495808
2024-12-01 23:29:25.937,run_28_repetition_5,,,cpp,180,2,0.0,21495808
2024-12-01 23:29:26.146,run_28_repetition_5,,,cpp,180,2,0.0,21495808
2024-12-01 23:29:26.355,run_28_repetition_5,,,cpp,180,2,0.0,21495808
2024-12-01 23:29:26.565,run_28_repetition_5,,,cpp,180,2,0.0,21495808
2024-12-01 23:29:26.775,run_28_repetition_5,,,cpp,180,2,0.0,21495808
2024-12-01 23:29:26.985,run_28_repetition_5,,,cpp,180,2,0.0,21495808
2024-12-01 23:29:27.194,run_28_repetition_5,,,cpp,180,2,0.0,21495808
2024-12-01 23:29:27.404,run_28_repetition_5,,,cpp,180,2,0.0,21495808
2024-12-01 23:29:27.614,run_28_repetition_5,,,cpp,180,2,0.0,21495808
2024-12-01 23:29:27.823,run_28_repetition_5,,,cpp,180,2,0.0,21495808
2024-12-01 23:29:28.033,run_28_repetition_5,,,cpp,180,2,0.0,21495808
2024-12-01 23:29:28.242,run_28_repetition_5,,,cpp,180,2,0.0,21495808
2024-12-01 23:29:28.452,run_28_repetition_5,,,cpp,180,2,0.0,21495808
2024-12-01 23:29:28.661,run_28_repetition_5,,,cpp,180,2,0.0,21495808
2024-12-01 23:29:28.871,run_28_repetition_5,,,cpp,180,2,0.0,21495808
2024-12-01 23:29:29.080,run_28_repetition_5,,,cpp,180,2,0.0,21495808
2024-12-01 23:29:29.290,run_28_repetition_5,,,cpp,180,2,0.0,21495808
2024-12-01 23:29:29.500,run_28_repetition_5,,,cpp,180,2,0.0,21495808
2024-12-01 23:29:29.709,run_28_repetition_5,,,cpp,180,2,0.0,21495808
2024-12-01 23:29:29.918,run_28_repetition_5,,,cpp,180,2,0.0,21495808
2024-12-01 23:29:30.128,run_28_repetition_5,,,cpp,180,2,0.0,21495808
2024-12-01 23:29:30.337,run_28_repetition_5,,,cpp,180,2,0.0,21495808
2024-12-01 23:29:30.547,run_28_repetition_5,,,cpp,180,2,0.0,21495808
2024-12-01 23:29:30.756,run_28_repetition_5,,,cpp,180,2,0.0,21495808
2024-12-01 23:29:30.966,run_28_repetition_5,,,cpp,180,2,0.0,21495808
2024-12-01 23:29:31.177,run_28_repetition_5,,,cpp,180,2,0.0,21495808
2024-12-01 23:29:31.386,run_28_repetition_5,,,cpp,180,2,0.0,21495808
2024-12-01 23:29:31.596,run_28_repetition_5,,,cpp,180,2,0.0,21495808
2024-12-01 23:29:31.807,run_28_repetition_5,,,cpp,180,2,0.0,21495808
2024-12-01 23:29:32.019,run_28_repetition_5,,,cpp,180,2,0.0,21495808
2024-12-01 23:29:32.232,run_28_repetition_5,,,cpp,180,2,0.0,21495808
2024-12-01 23:29:32.447,run_28_repetition_5,,,cpp,180,2,0.0,21495808
2024-12-01 23:29:32.662,run_28_repetition_5,,,cpp,180,2,0.0,21495808
2024-12-01 23:29:32.879,run_28_repetition_5,,,cpp,180,2,0.0,21495808
2024-12-01 23:29:33.097,run_28_repetition_5,,,cpp,180,2,0.0,21495808
2024-12-01 23:29:33.315,run_28_repetition_5,,,cpp,180,2,0.0,21495808
2024-12-01 23:29:33.535,run_28_repetition_5,,,cpp,180,2,0.0,21495808
2024-12-01 23:29:33.755,run_28_repetition_5,,,cpp,180,2,0.0,21495808
2024-12-01 23:29:33.975,run_28_repetition_5,,,cpp,180,2,0.0,21495808
2024-12-01 23:29:34.195,run_28_repetition_5,,,cpp,180,2,0.0,21495808
2024-12-01 23:29:34.416,run_28_repetition_5,,,cpp,180,2,0.0,21495808
2024-12-01 23:29:34.635,run_28_repetition_5,,,cpp,180,2,0.0,21495808
2024-12-01 23:29:34.855,run_28_repetition_5,,,cpp,180,2,0.0,21495808
2024-12-01 23:29:35.075,run_28_repetition_5,,,cpp,180,2,0.0,21495808
2024-12-01 23:29:35.294,run_28_repetition_5,,,cpp,180,2,0.0,21495808
2024-12-01 23:29:35.515,run_28_repetition_5,,,cpp,180,2,0.0,21495808
2024-12-01 23:29:35.734,run_28_repetition_5,,,cpp,180,2,0.0,21495808
2024-12-01 23:29:35.954,run_28_repetition_5,,,cpp,180,2,0.0,21495808
2024-12-01 23:29:36.174,run_28_repetition_5,,,cpp,180,2,0.0,21495808
2024-12-01 23:29:36.402,run_28_repetition_5,,,cpp,180,2,0.0,21495808
2024-12-01 23:29:36.632,run_28_repetition_5,,,cpp,180,2,0.0,21495808
2024-12-01 23:29:36.861,run_28_repetition_5,,,cpp,180,2,0.0,21495808
2024-12-01 23:29:37.091,run_28_repetition_5,,,cpp,180,2,0.0,21495808
2024-12-01 23:29:37.311,run_28_repetition_5,,,cpp,180,2,0.0,21495808
2024-12-01 23:29:37.531,run_28_repetition_5,,,cpp,180,2,0.0,21495808
2024-12-01 23:29:37.751,run_28_repetition_5,,,cpp,180,2,0.0,21495808
2024-12-01 23:29:37.972,run_28_repetition_5,,,cpp,180,2,0.0,21495808
2024-12-01 23:29:38.191,run_28_repetition_5,,,cpp,180,2,0.0,21495808
2024-12-01 23:29:38.411,run_28_repetition_5,,,cpp,180,2,0.0,21495808
2024-12-01 23:29:38.631,run_28_repetition_5,,,cpp,180,2,0.0,21495808
2024-12-01 23:29:38.851,run_28_repetition_5,,,cpp,180,2,0.0,21495808
2024-12-01 23:29:39.071,run_28_repetition_5,,,cpp,180,2,0.0,21495808
2024-12-01 23:29:39.291,run_28_repetition_5,,,cpp,180,2,0.0,21495808
2024-12-01 23:29:39.511,run_28_repetition_5,,,cpp,180,2,0.0,21495808
2024-12-01 23:29:39.731,run_28_repetition_5,,,cpp,180,2,0.0,21495808
2024-12-01 23:29:39.951,run_28_repetition_5,,,cpp,180,2,0.0,21495808
2024-12-01 23:29:40.171,run_28_repetition_5,,,cpp,180,2,0.0,21495808
2024-12-01 23:29:40.390,run_28_repetition_5,,,cpp,180,2,0.0,21495808
2024-12-01 23:29:40.610,run_28_repetition_5,,,cpp,180,2,0.0,21495808
2024-12-01 23:29:40.830,run_28_repetition_5,,,cpp,180,2,0.0,21495808
2024-12-01 23:29:41.051,run_28_repetition_5,,,cpp,180,2,0.0,21495808
2024-12-01 23:29:41.272,run_28_repetition_5,,,cpp,180,2,0.0,21495808
2024-12-01 23:29:41.492,run_28_repetition_5,,,cpp,180,2,0.0,21495808
2024-12-01 23:29:41.711,run_28_repetition_5,,,cpp,180,2,0.0,21495808
2024-12-01 23:29:41.932,run_28_repetition_5,,,cpp,180,2,0.0,21495808
2024-12-01 23:29:42.153,run_28_repetition_5,,,cpp,180,2,0.0,21495808
2024-12-01 23:29:42.373,run_28_repetition_5,,,cpp,180,2,0.0,21495808
2024-12-01 23:29:42.593,run_28_repetition_5,,,cpp,180,2,0.0,21495808
2024-12-01 23:29:42.813,run_28_repetition_5,,,cpp,180,2,0.0,21495808
2024-12-01 23:29:43.034,run_28_repetition_5,,,cpp,180,2,0.0,21495808
2024-12-01 23:29:43.254,run_28_repetition_5,,,cpp,180,2,0.0,21495808
2024-12-01 23:29:43.474,run_28_repetition_5,,,cpp,180,2,0.0,21495808
2024-12-01 23:29:43.694,run_28_repetition_5,,,cpp,180,2,0.0,21495808
2024-12-01 23:29:43.914,run_28_repetition_5,,,cpp,180,2,0.0,21495808
2024-12-01 23:29:44.134,run_28_repetition_5,,,cpp,180,2,0.0,21495808
2024-12-01 23:29:44.355,run_28_repetition_5,,,cpp,180,2,0.0,21495808
2024-12-01 23:29:44.575,run_28_repetition_5,,,cpp,180,2,0.0,21495808
2024-12-01 23:29:44.795,run_28_repetition_5,,,cpp,180,2,0.0,21495808
2024-12-01 23:29:45.015,run_28_repetition_5,,,cpp,180,2,0.0,21495808
2024-12-01 23:29:45.236,run_28_repetition_5,,,cpp,180,2,0.0,21495808
2024-12-01 23:29:45.455,run_28_repetition_5,,,cpp,180,2,0.0,21495808
2024-12-01 23:29:45.674,run_28_repetition_5,,,cpp,180,2,0.0,21495808
2024-12-01 23:29:45.895,run_28_repetition_5,,,cpp,180,2,0.0,21495808
2024-12-01 23:29:46.114,run_28_repetition_5,,,cpp,180,2,0.0,21495808
2024-12-01 23:29:46.335,run_28_repetition_5,,,cpp,180,2,0.0,21495808
2024-12-01 23:29:46.555,run_28_repetition_5,,,cpp,180,2,0.0,21495808
2024-12-01 23:29:46.774,run_28_repetition_5,,,cpp,180,2,0.0,21495808
2024-12-01 23:29:46.994,run_28_repetition_5,,,cpp,180,2,0.0,21495808
2024-12-01 23:29:47.214,run_28_repetition_5,,,cpp,180,2,0.0,21495808
2024-12-01 23:29:47.435,run_28_repetition_5,,,cpp,180,2,0.0,21495808
2024-12-01 23:29:47.655,run_28_repetition_5,,,cpp,180,2,0.0,21495808
2024-12-01 23:29:47.875,run_28_repetition_5,,,cpp,180,2,0.0,21495808
2024-12-01 23:29:48.095,run_28_repetition_5,,,cpp,180,2,0.0,21495808
2024-12-01 23:29:48.315,run_28_repetition_5,,,cpp,180,2,0.0,21495808
2024-12-01 23:29:48.535,run_28_repetition_5,,,cpp,180,2,0.0,21495808
2024-12-01 23:29:48.755,run_28_repetition_5,,,cpp,180,2,0.0,21495808
2024-12-01 23:29:48.976,run_28_repetition_5,,,cpp,180,2,0.0,21495808
2024-12-01 23:29:49.197,run_28_repetition_5,,,cpp,180,2,0.0,21495808
2024-12-01 23:29:49.416,run_28_repetition_5,,,cpp,180,2,0.0,21495808
2024-12-01 23:29:49.636,run_28_repetition_5,,,cpp,180,2,0.0,21495808
2024-12-01 23:29:49.857,run_28_repetition_5,,,cpp,180,2,0.0,21495808
2024-12-01 23:29:50.077,run_28_repetition_5,,,cpp,180,2,0.0,21495808
2024-12-01 23:29:50.296,run_28_repetition_5,,,cpp,180,2,0.0,21495808
2024-12-01 23:29:50.517,run_28_repetition_5,,,cpp,180,2,0.0,21495808
2024-12-01 23:29:50.737,run_28_repetition_5,,,cpp,180,2,0.0,21495808
2024-12-01 23:29:50.957,run_28_repetition_5,,,cpp,180,2,0.0,21495808
2024-12-01 23:29:51.177,run_28_repetition_5,,,cpp,180,2,0.0,21495808
2024-12-01 23:29:51.396,run_28_repetition_5,,,cpp,180,2,0.0,21495808
2024-12-01 23:29:51.616,run_28_repetition_5,,,cpp,180,2,0.0,21495808
2024-12-01 23:29:51.836,run_28_repetition_5,,,cpp,180,2,0.0,21495808
2024-12-01 23:29:52.056,run_28_repetition_5,,,cpp,180,2,0.0,21495808
2024-12-01 23:29:52.277,run_28_repetition_5,,,cpp,180,2,0.0,21495808
2024-12-01 23:29:52.497,run_28_repetition_5,,,cpp,180,2,0.0,21495808
2024-12-01 23:29:52.717,run_28_repetition_5,,,cpp,180,2,0.0,21495808
2024-12-01 23:29:52.936,run_28_repetition_5,,,cpp,180,2,0.0,21495808
2024-12-01 23:29:53.156,run_28_repetition_5,,,cpp,180,2,0.0,21495808
2024-12-01 23:29:53.377,run_28_repetition_5,,,cpp,180,2,0.0,21495808
2024-12-01 23:29:53.597,run_28_repetition_5,,,cpp,180,2,0.0,21495808
2024-12-01 23:29:53.817,run_28_repetition_5,,,cpp,180,2,0.0,21495808
2024-12-01 23:29:54.037,run_28_repetition_5,,,cpp,180,2,0.0,21495808
2024-12-01 23:29:54.257,run_28_repetition_5,,,cpp,180,2,0.0,21495808
2024-12-01 23:29:54.478,run_28_repetition_5,,,cpp,180,2,0.0,21495808
2024-12-01 23:29:54.698,run_28_repetition_5,,,cpp,180,2,0.0,21495808
2024-12-01 23:29:54.919,run_28_repetition_5,,,cpp,180,2,0.0,21495808
2024-12-01 23:29:55.138,run_28_repetition_5,,,cpp,180,2,0.0,21495808
2024-12-01 23:29:55.358,run_28_repetition_5,,,cpp,180,2,0.0,21495808
2024-12-01 23:29:55.579,run_28_repetition_5,,,cpp,180,2,0.0,21495808
2024-12-01 23:29:55.799,run_28_repetition_5,,,cpp,180,2,0.0,21495808
2024-12-01 23:29:56.019,run_28_repetition_5,,,cpp,180,2,0.0,21495808
2024-12-01 23:29:56.238,run_28_repetition_5,,,cpp,180,2,0.0,21495808
2024-12-01 23:29:56.458,run_28_repetition_5,,,cpp,180,2,0.0,21495808
2024-12-01 23:29:56.678,run_28_repetition_5,,,cpp,180,2,0.0,21495808
2024-12-01 23:29:56.899,run_28_repetition_5,,,cpp,180,2,0.0,21495808
2024-12-01 23:29:57.119,run_28_repetition_5,,,cpp,180,2,0.0,21495808
2024-12-01 23:29:57.338,run_28_repetition_5,,,cpp,180,2,0.0,21495808
2024-12-01 23:29:57.559,run_28_repetition_5,,,cpp,180,2,0.0,21495808
2024-12-01 23:29:57.779,run_28_repetition_5,,,cpp,180,2,0.0,21495808
2024-12-01 23:29:57.999,run_28_repetition_5,,,cpp,180,2,0.0,21495808
2024-12-01 23:29:58.219,run_28_repetition_5,,,cpp,180,2,0.0,21495808
2024-12-01 23:29:58.440,run_28_repetition_5,,,cpp,180,2,0.0,21495808
2024-12-01 23:29:58.659,run_28_repetition_5,,,cpp,180,2,0.0,21495808
2024-12-01 23:29:58.879,run_28_repetition_5,,,cpp,180,2,0.0,21495808
2024-12-01 23:29:59.099,run_28_repetition_5,,,cpp,180,2,0.0,21495808
2024-12-01 23:29:59.319,run_28_repetition_5,,,cpp,180,2,0.0,21495808
2024-12-01 23:29:59.539,run_28_repetition_5,,,cpp,180,2,0.0,21495808
2024-12-01 23:29:59.759,run_28_repetition_5,,,cpp,180,2,0.0,21495808
2024-12-01 23:29:59.979,run_28_repetition_5,,,cpp,180,2,0.0,21495808
2024-12-01 23:30:00.199,run_28_repetition_5,,,cpp,180,2,0.0,21495808
2024-12-01 23:30:00.419,run_28_repetition_5,,,cpp,180,2,0.0,21495808
2024-12-01 23:30:00.639,run_28_repetition_5,,,cpp,180,2,0.0,21495808
2024-12-01 23:30:00.859,run_28_repetition_5,,,cpp,180,2,0.0,21495808
2024-12-01 23:30:01.078,run_28_repetition_5,,,cpp,180,2,0.0,21495808
2024-12-01 23:30:01.298,run_28_repetition_5,,,cpp,180,2,0.0,21495808
2024-12-01 23:30:01.518,run_28_repetition_5,,,cpp,180,2,0.0,21495808
2024-12-01 23:30:01.737,run_28_repetition_5,,,cpp,180,2,0.0,21495808
2024-12-01 23:30:01.957,run_28_repetition_5,,,cpp,180,2,0.0,21495808
2024-12-01 23:30:02.177,run_28_repetition_5,,,cpp,180,2,0.0,21495808
2024-12-01 23:30:02.398,run_28_repetition_5,,,cpp,180,2,0.0,21495808
2024-12-01 23:30:02.617,run_28_repetition_5,,,cpp,180,2,0.0,21495808
2024-12-01 23:30:02.838,run_28_repetition_5,,,cpp,180,2,0.0,21495808
2024-12-01 23:30:03.058,run_28_repetition_5,,,cpp,180,2,0.0,21495808
2024-12-01 23:30:03.278,run_28_repetition_5,,,cpp,180,2,0.0,21495808
2024-12-01 23:30:03.499,run_28_repetition_5,,,cpp,180,2,0.0,21495808
2024-12-01 23:30:03.720,run_28_repetition_5,,,cpp,180,2,0.0,21495808
2024-12-01 23:30:03.940,run_28_repetition_5,,,cpp,180,2,0.0,21495808
2024-12-01 23:30:04.162,run_28_repetition_5,,,cpp,180,2,0.0,21495808
2024-12-01 23:30:04.392,run_28_repetition_5,,,cpp,180,2,0.0,21495808
2024-12-01 23:30:04.612,run_28_repetition_5,,,cpp,180,2,0.0,21495808
2024-12-01 23:30:04.832,run_28_repetition_5,,,cpp,180,2,0.0,21495808
2024-12-01 23:30:05.052,run_28_repetition_5,,,cpp,180,2,0.0,21495808
2024-12-01 23:30:05.272,run_28_repetition_5,,,cpp,180,2,0.0,21495808
2024-12-01 23:30:05.504,run_28_repetition_5,,,cpp,180,2,0.0,21495808
2024-12-01 23:30:05.726,run_28_repetition_5,,,cpp,180,2,0.0,21495808
2024-12-01 23:30:05.946,run_28_repetition_5,,,cpp,180,2,0.0,21495808
2024-12-01 23:30:06.167,run_28_repetition_5,,,cpp,180,2,0.0,21495808
2024-12-01 23:30:06.386,run_28_repetition_5,,,cpp,180,2,0.0,21495808
2024-12-01 23:30:06.606,run_28_repetition_5,,,cpp,180,2,0.0,21495808
2024-12-01 23:30:06.826,run_28_repetition_5,,,cpp,180,2,0.0,21495808
2024-12-01 23:30:07.046,run_28_repetition_5,,,cpp,180,2,0.0,21495808
2024-12-01 23:30:07.279,run_28_repetition_5,,,cpp,180,2,0.0,21495808
2024-12-01 23:30:07.507,run_28_repetition_5,,,cpp,180,2,0.0,21495808
2024-12-01 23:30:07.739,run_28_repetition_5,,,cpp,180,2,0.0,21495808
2024-12-01 23:30:07.968,run_28_repetition_5,,,cpp,180,2,0.0,21495808
2024-12-01 23:30:08.198,run_28_repetition_5,,,cpp,180,2,0.0,21495808
2024-12-01 23:30:08.424,run_28_repetition_5,,,cpp,180,2,0.0,21495808
2024-12-01 23:30:08.638,run_28_repetition_5,,,cpp,180,2,0.0,21495808
2024-12-01 23:30:08.852,run_28_repetition_5,,,cpp,180,2,0.0,21495808
2024-12-01 23:30:09.068,run_28_repetition_5,,,cpp,180,2,0.0,21495808
2024-12-01 23:30:09.284,run_28_repetition_5,,,cpp,180,2,0.0,21495808
2024-12-01 23:30:09.501,run_28_repetition_5,,,cpp,180,2,0.0,21495808
2024-12-01 23:30:09.717,run_28_repetition_5,,,cpp,180,2,0.0,21495808
2024-12-01 23:30:09.941,run_28_repetition_5,,,cpp,180,2,0.0,21495808
2024-12-01 23:30:10.153,run_28_repetition_5,,,cpp,180,2,0.0,21495808
2024-12-01 23:30:10.365,run_28_repetition_5,,,cpp,180,2,0.0,21495808
2024-12-01 23:30:10.578,run_28_repetition_5,,,cpp,180,2,0.0,21495808
2024-12-01 23:30:10.791,run_28_repetition_5,,,cpp,180,2,0.0,21495808
2024-12-01 23:30:11.006,run_28_repetition_5,,,cpp,180,2,0.0,21495808
2024-12-01 23:30:11.222,run_28_repetition_5,,,cpp,180,2,0.0,21495808
2024-12-01 23:30:11.438,run_28_repetition_5,,,cpp,180,2,0.0,21495808
2024-12-01 23:30:11.656,run_28_repetition_5,,,cpp,180,2,0.0,21495808
2024-12-01 23:30:11.873,run_28_repetition_5,,,cpp,180,2,0.0,21495808
2024-12-01 23:30:12.093,run_28_repetition_5,,,cpp,180,2,0.0,21495808
2024-12-01 23:30:12.312,run_28_repetition_5,,,cpp,180,2,0.0,21495808
2024-12-01 23:30:12.532,run_28_repetition_5,,,cpp,180,2,0.0,21495808
2024-12-01 23:30:12.750,run_28_repetition_5,,,cpp,180,2,10.0,21495808
2024-12-01 23:30:12.976,run_28_repetition_5,,,cpp,180,2,0.0,21495808
2024-12-01 23:30:13.192,run_28_repetition_5,,,cpp,180,2,0.0,21495808
2024-12-01 23:30:13.408,run_28_repetition_5,,,cpp,180,2,0.0,21495808
2024-12-01 23:30:13.625,run_28_repetition_5,,,cpp,180,2,0.0,21495808
2024-12-01 23:30:13.843,run_28_repetition_5,,,cpp,180,2,0.0,21495808
2024-12-01 23:30:14.062,run_28_repetition_5,,,cpp,180,2,0.0,21495808
2024-12-01 23:30:14.282,run_28_repetition_5,,,cpp,180,2,0.0,21495808
2024-12-01 23:30:14.502,run_28_repetition_5,,,cpp,180,2,0.0,21495808
2024-12-01 23:30:14.722,run_28_repetition_5,,,cpp,180,2,0.0,21495808
2024-12-01 23:30:14.942,run_28_repetition_5,,,cpp,180,2,0.0,21495808
2024-12-01 23:30:15.162,run_28_repetition_5,,,cpp,180,2,0.0,21495808
2024-12-01 23:30:15.382,run_28_repetition_5,,,cpp,180,2,0.0,21495808
2024-12-01 23:30:15.602,run_28_repetition_5,,,cpp,180,2,0.0,21495808
2024-12-01 23:30:15.823,run_28_repetition_5,,,cpp,180,2,0.0,21495808
2024-12-01 23:30:16.043,run_28_repetition_5,,,cpp,180,2,0.0,21495808
2024-12-01 23:30:16.263,run_28_repetition_5,,,cpp,180,2,0.0,21495808
2024-12-01 23:30:16.483,run_28_repetition_5,,,cpp,180,2,0.0,21495808
2024-12-01 23:30:16.703,run_28_repetition_5,,,cpp,180,2,0.0,21495808
2024-12-01 23:30:16.922,run_28_repetition_5,,,cpp,180,2,0.0,21495808
2024-12-01 23:30:17.143,run_28_repetition_5,,,cpp,180,2,0.0,21495808
2024-12-01 23:30:17.363,run_28_repetition_5,,,cpp,180,2,0.0,21495808
2024-12-01 23:30:17.583,run_28_repetition_5,,,cpp,180,2,0.0,21495808
2024-12-01 23:30:17.803,run_28_repetition_5,,,cpp,180,2,0.0,21495808
2024-12-01 23:30:18.022,run_28_repetition_5,,,cpp,180,2,0.0,21495808
2024-12-01 23:30:18.242,run_28_repetition_5,,,cpp,180,2,0.0,21495808
2024-12-01 23:30:18.462,run_28_repetition_5,,,cpp,180,2,0.0,21495808
2024-12-01 23:30:18.683,run_28_repetition_5,,,cpp,180,2,0.0,21495808
2024-12-01 23:30:18.902,run_28_repetition_5,,,cpp,180,2,0.0,21495808
2024-12-01 23:30:19.122,run_28_repetition_5,,,cpp,180,2,0.0,21495808
2024-12-01 23:30:19.343,run_28_repetition_5,,,cpp,180,2,0.0,21495808
2024-12-01 23:30:19.563,run_28_repetition_5,,,cpp,180,2,0.0,21495808
2024-12-01 23:30:19.782,run_28_repetition_5,,,cpp,180,2,0.0,21495808
2024-12-01 23:30:20.003,run_28_repetition_5,,,cpp,180,2,0.0,21495808
2024-12-01 23:30:20.223,run_28_repetition_5,,,cpp,180,2,0.0,21495808
2024-12-01 23:30:20.442,run_28_repetition_5,,,cpp,180,2,0.0,21495808
2024-12-01 23:30:20.662,run_28_repetition_5,,,cpp,180,2,0.0,21495808
2024-12-01 23:30:20.882,run_28_repetition_5,,,cpp,180,2,0.0,21495808
2024-12-01 23:30:21.102,run_28_repetition_5,,,cpp,180,2,0.0,21495808
2024-12-01 23:30:21.322,run_28_repetition_5,,,cpp,180,2,0.0,21495808
2024-12-01 23:30:21.542,run_28_repetition_5,,,cpp,180,2,0.0,21495808
2024-12-01 23:30:21.762,run_28_repetition_5,,,cpp,180,2,0.0,21495808
2024-12-01 23:30:21.982,run_28_repetition_5,,,cpp,180,2,0.0,21495808
2024-12-01 23:30:22.202,run_28_repetition_5,,,cpp,180,2,0.0,21495808
2024-12-01 23:30:22.422,run_28_repetition_5,,,cpp,180,2,0.0,21495808
2024-12-01 23:30:22.642,run_28_repetition_5,,,cpp,180,2,0.0,21495808
2024-12-01 23:30:22.862,run_28_repetition_5,,,cpp,180,2,0.0,21495808
2024-12-01 23:30:23.083,run_28_repetition_5,,,cpp,180,2,0.0,21495808
2024-12-01 23:30:23.304,run_28_repetition_5,,,cpp,180,2,0.0,21495808
2024-12-01 23:30:23.524,run_28_repetition_5,,,cpp,180,2,0.0,21495808
2024-12-01 23:30:23.744,run_28_repetition_5,,,cpp,180,2,0.0,21495808
2024-12-01 23:30:23.964,run_28_repetition_5,,,cpp,180,2,0.0,21495808
2024-12-01 23:30:24.183,run_28_repetition_5,,,cpp,180,2,0.0,21495808
2024-12-01 23:30:24.402,run_28_repetition_5,,,cpp,180,2,0.0,21495808
2024-12-01 23:30:24.623,run_28_repetition_5,,,cpp,180,2,0.0,21495808
2024-12-01 23:30:24.843,run_28_repetition_5,,,cpp,180,2,0.0,21495808
2024-12-01 23:30:25.063,run_28_repetition_5,,,cpp,180,2,0.0,21495808
2024-12-01 23:30:25.282,run_28_repetition_5,,,cpp,180,2,0.0,21495808
2024-12-01 23:30:25.502,run_28_repetition_5,,,cpp,180,2,0.0,21495808
2024-12-01 23:30:25.722,run_28_repetition_5,,,cpp,180,2,0.0,21495808
2024-12-01 23:30:25.942,run_28_repetition_5,,,cpp,180,2,0.0,21495808
2024-12-01 23:30:26.162,run_28_repetition_5,,,cpp,180,2,0.0,21495808
2024-12-01 23:30:26.383,run_28_repetition_5,,,cpp,180,2,0.0,21495808
2024-12-01 23:30:26.603,run_28_repetition_5,,,cpp,180,2,0.0,21495808
2024-12-01 23:30:26.823,run_28_repetition_5,,,cpp,180,2,0.0,21495808
2024-12-01 23:30:27.042,run_28_repetition_5,,,cpp,180,2,0.0,21495808
2024-12-01 23:30:27.263,run_28_repetition_5,,,cpp,180,2,0.0,21495808
2024-12-01 23:30:27.483,run_28_repetition_5,,,cpp,180,2,0.0,21495808
2024-12-01 23:30:27.704,run_28_repetition_5,,,cpp,180,2,0.0,21495808
2024-12-01 23:30:27.924,run_28_repetition_5,,,cpp,180,2,0.0,21495808
2024-12-01 23:30:28.143,run_28_repetition_5,,,cpp,180,2,0.0,21495808
2024-12-01 23:30:28.363,run_28_repetition_5,,,cpp,180,2,0.0,21495808
2024-12-01 23:30:28.584,run_28_repetition_5,,,cpp,180,2,0.0,21495808
2024-12-01 23:30:28.804,run_28_repetition_5,,,cpp,180,2,0.0,21495808
2024-12-01 23:30:29.024,run_28_repetition_5,,,cpp,180,2,0.0,21495808
2024-12-01 23:30:29.244,run_28_repetition_5,,,cpp,180,2,0.0,21495808
2024-12-01 23:30:29.465,run_28_repetition_5,,,cpp,180,2,0.0,21495808
2024-12-01 23:30:29.685,run_28_repetition_5,,,cpp,180,2,0.0,21495808
2024-12-01 23:30:29.905,run_28_repetition_5,,,cpp,180,2,0.0,21495808
2024-12-01 23:30:30.125,run_28_repetition_5,,,cpp,180,2,0.0,21495808
2024-12-01 23:30:30.345,run_28_repetition_5,,,cpp,180,2,0.0,21495808
2024-12-01 23:30:30.565,run_28_repetition_5,,,cpp,180,2,0.0,21495808
2024-12-01 23:30:30.785,run_28_repetition_5,,,cpp,180,2,0.0,21495808
2024-12-01 23:30:31.005,run_28_repetition_5,,,cpp,180,2,0.0,21495808
2024-12-01 23:30:31.225,run_28_repetition_5,,,cpp,180,2,0.0,21495808
2024-12-01 23:30:31.445,run_28_repetition_5,,,cpp,180,2,0.0,21495808
2024-12-01 23:30:31.665,run_28_repetition_5,,,cpp,180,2,0.0,21495808
2024-12-01 23:30:31.885,run_28_repetition_5,,,cpp,180,2,0.0,21495808
2024-12-01 23:30:32.105,run_28_repetition_5,,,cpp,180,2,0.0,21495808
2024-12-01 23:30:32.325,run_28_repetition_5,,,cpp,180,2,9.9,21495808
2024-12-01 23:30:32.545,run_28_repetition_5,,,cpp,180,2,0.0,21495808
2024-12-01 23:30:32.765,run_28_repetition_5,,,cpp,180,2,0.0,21495808
2024-12-01 23:30:32.985,run_28_repetition_5,,,cpp,180,2,0.0,21495808
2024-12-01 23:30:33.205,run_28_repetition_5,,,cpp,180,2,0.0,21495808
2024-12-01 23:30:33.425,run_28_repetition_5,,,cpp,180,2,0.0,21495808
2024-12-01 23:30:33.645,run_28_repetition_5,,,cpp,180,2,0.0,21495808
2024-12-01 23:30:33.865,run_28_repetition_5,,,cpp,180,2,0.0,21495808
2024-12-01 23:30:34.085,run_28_repetition_5,,,cpp,180,2,0.0,21495808
2024-12-01 23:30:34.306,run_28_repetition_5,,,cpp,180,2,0.0,21495808
2024-12-01 23:30:34.526,run_28_repetition_5,,,cpp,180,2,0.0,21495808
2024-12-01 23:30:34.745,run_28_repetition_5,,,cpp,180,2,0.0,21495808
2024-12-01 23:30:34.965,run_28_repetition_5,,,cpp,180,2,0.0,21495808
2024-12-01 23:30:35.185,run_28_repetition_5,,,cpp,180,2,0.0,21495808
2024-12-01 23:30:35.405,run_28_repetition_5,,,cpp,180,2,0.0,21495808
2024-12-01 23:30:35.624,run_28_repetition_5,,,cpp,180,2,0.0,21495808
2024-12-01 23:30:35.844,run_28_repetition_5,,,cpp,180,2,0.0,21495808
2024-12-01 23:30:36.064,run_28_repetition_5,,,cpp,180,2,0.0,21495808
2024-12-01 23:30:36.285,run_28_repetition_5,,,cpp,180,2,0.0,21495808
2024-12-01 23:30:36.504,run_28_repetition_5,,,cpp,180,2,0.0,21495808
2024-12-01 23:30:36.724,run_28_repetition_5,,,cpp,180,2,0.0,21495808
2024-12-01 23:30:36.944,run_28_repetition_5,,,cpp,180,2,0.0,21495808
2024-12-01 23:30:37.164,run_28_repetition_5,,,cpp,180,2,0.0,21495808
2024-12-01 23:30:37.384,run_28_repetition_5,,,cpp,180,2,0.0,21495808
2024-12-01 23:30:37.604,run_28_repetition_5,,,cpp,180,2,0.0,21495808
2024-12-01 23:30:37.823,run_28_repetition_5,,,cpp,180,2,0.0,21495808
2024-12-01 23:30:38.043,run_28_repetition_5,,,cpp,180,2,0.0,21495808
2024-12-01 23:30:38.263,run_28_repetition_5,,,cpp,180,2,0.0,21495808
2024-12-01 23:30:38.483,run_28_repetition_5,,,cpp,180,2,0.0,21495808
2024-12-01 23:30:38.703,run_28_repetition_5,,,cpp,180,2,0.0,21495808
2024-12-01 23:30:38.923,run_28_repetition_5,,,cpp,180,2,0.0,21495808
2024-12-01 23:30:39.143,run_28_repetition_5,,,cpp,180,2,0.0,21495808
2024-12-01 23:30:39.362,run_28_repetition_5,,,cpp,180,2,0.0,21495808
2024-12-01 23:30:39.582,run_28_repetition_5,,,cpp,180,2,0.0,21495808
2024-12-01 23:30:39.801,run_28_repetition_5,,,cpp,180,2,0.0,21495808
2024-12-01 23:30:40.022,run_28_repetition_5,,,cpp,180,2,0.0,21495808
2024-12-01 23:30:40.242,run_28_repetition_5,,,cpp,180,2,0.0,21495808
2024-12-01 23:30:40.462,run_28_repetition_5,,,cpp,180,2,0.0,21495808
2024-12-01 23:30:40.681,run_28_repetition_5,,,cpp,180,2,0.0,21495808
2024-12-01 23:30:40.902,run_28_repetition_5,,,cpp,180,2,0.0,21495808
2024-12-01 23:30:41.121,run_28_repetition_5,,,cpp,180,2,0.0,21495808
2024-12-01 23:30:41.342,run_28_repetition_5,,,cpp,180,2,0.0,21495808
2024-12-01 23:30:41.561,run_28_repetition_5,,,cpp,180,2,0.0,21495808
2024-12-01 23:30:41.782,run_28_repetition_5,,,cpp,180,2,0.0,21495808
2024-12-01 23:30:42.002,run_28_repetition_5,,,cpp,180,2,0.0,21495808
2024-12-01 23:30:42.222,run_28_repetition_5,,,cpp,180,2,0.0,21495808
2024-12-01 23:30:42.441,run_28_repetition_5,,,cpp,180,2,0.0,21495808
2024-12-01 23:30:42.661,run_28_repetition_5,,,cpp,180,2,0.0,21495808
2024-12-01 23:30:42.880,run_28_repetition_5,,,cpp,180,2,0.0,21495808
2024-12-01 23:30:43.101,run_28_repetition_5,,,cpp,180,2,0.0,21495808
2024-12-01 23:30:43.321,run_28_repetition_5,,,cpp,180,2,0.0,21495808
2024-12-01 23:30:43.540,run_28_repetition_5,,,cpp,180,2,0.0,21495808
2024-12-01 23:30:43.760,run_28_repetition_5,,,cpp,180,2,0.0,21495808
2024-12-01 23:30:43.980,run_28_repetition_5,,,cpp,180,2,0.0,21495808
2024-12-01 23:30:44.200,run_28_repetition_5,,,cpp,180,2,0.0,21495808
2024-12-01 23:30:44.420,run_28_repetition_5,,,cpp,180,2,0.0,21495808
2024-12-01 23:30:44.640,run_28_repetition_5,,,cpp,180,2,0.0,21495808
2024-12-01 23:30:44.860,run_28_repetition_5,,,cpp,180,2,0.0,21495808
2024-12-01 23:30:45.081,run_28_repetition_5,,,cpp,180,2,0.0,21495808
2024-12-01 23:30:45.301,run_28_repetition_5,,,cpp,180,2,0.0,21495808
2024-12-01 23:30:45.522,run_28_repetition_5,,,cpp,180,2,0.0,21495808
2024-12-01 23:30:45.742,run_28_repetition_5,,,cpp,180,2,0.0,21495808
2024-12-01 23:30:45.962,run_28_repetition_5,,,cpp,180,2,0.0,21495808
2024-12-01 23:30:46.183,run_28_repetition_5,,,cpp,180,2,0.0,21495808
2024-12-01 23:30:46.403,run_28_repetition_5,,,cpp,180,2,0.0,21495808
2024-12-01 23:30:46.622,run_28_repetition_5,,,cpp,180,2,0.0,21495808
2024-12-01 23:30:46.842,run_28_repetition_5,,,cpp,180,2,0.0,21495808
2024-12-01 23:30:47.062,run_28_repetition_5,,,cpp,180,2,0.0,21495808
2024-12-01 23:30:47.283,run_28_repetition_5,,,cpp,180,2,0.0,21495808
2024-12-01 23:30:47.503,run_28_repetition_5,,,cpp,180,2,0.0,21495808
2024-12-01 23:30:47.723,run_28_repetition_5,,,cpp,180,2,0.0,21495808
2024-12-01 23:30:47.943,run_28_repetition_5,,,cpp,180,2,0.0,21495808
2024-12-01 23:30:48.164,run_28_repetition_5,,,cpp,180,2,0.0,21495808
2024-12-01 23:30:48.384,run_28_repetition_5,,,cpp,180,2,0.0,21495808
2024-12-01 23:30:48.606,run_28_repetition_5,,,cpp,180,2,0.0,21495808
2024-12-01 23:30:48.826,run_28_repetition_5,,,cpp,180,2,0.0,21495808
2024-12-01 23:30:49.046,run_28_repetition_5,,,cpp,180,2,0.0,21495808
2024-12-01 23:30:49.266,run_28_repetition_5,,,cpp,180,2,0.0,21495808
2024-12-01 23:30:49.487,run_28_repetition_5,,,cpp,180,2,0.0,21495808
2024-12-01 23:30:49.707,run_28_repetition_5,,,cpp,180,2,0.0,21495808
2024-12-01 23:30:49.927,run_28_repetition_5,,,cpp,180,2,0.0,21495808
2024-12-01 23:30:50.148,run_28_repetition_5,,,cpp,180,2,0.0,21495808
2024-12-01 23:30:50.368,run_28_repetition_5,,,cpp,180,2,0.0,21495808
2024-12-01 23:30:50.588,run_28_repetition_5,,,cpp,180,2,0.0,21495808
2024-12-01 23:30:50.808,run_28_repetition_5,,,cpp,180,2,0.0,21495808
2024-12-01 23:30:51.029,run_28_repetition_5,,,cpp,180,2,0.0,21495808
2024-12-01 23:30:51.248,run_28_repetition_5,,,cpp,180,2,0.0,21495808
2024-12-01 23:30:51.468,run_28_repetition_5,,,cpp,180,2,0.0,21495808
2024-12-01 23:30:51.688,run_28_repetition_5,,,cpp,180,2,0.0,21495808
2024-12-01 23:30:51.908,run_28_repetition_5,,,cpp,180,2,0.0,21495808
2024-12-01 23:30:52.128,run_28_repetition_5,,,cpp,180,2,0.0,21495808
2024-12-01 23:30:52.348,run_28_repetition_5,,,cpp,180,2,0.0,21495808
2024-12-01 23:30:52.568,run_28_repetition_5,,,cpp,180,2,0.0,21495808
2024-12-01 23:30:52.787,run_28_repetition_5,,,cpp,180,2,0.0,21495808
2024-12-01 23:30:53.007,run_28_repetition_5,,,cpp,180,2,0.0,21495808
2024-12-01 23:30:53.227,run_28_repetition_5,,,cpp,180,2,0.0,21495808
2024-12-01 23:30:53.447,run_28_repetition_5,,,cpp,180,2,0.0,21495808
2024-12-01 23:30:53.668,run_28_repetition_5,,,cpp,180,2,0.0,21495808
2024-12-01 23:30:53.887,run_28_repetition_5,,,cpp,180,2,0.0,21495808
2024-12-01 23:30:54.107,run_28_repetition_5,,,cpp,180,2,0.0,21495808
2024-12-01 23:30:54.327,run_28_repetition_5,,,cpp,180,2,0.0,21495808
2024-12-01 23:30:54.546,run_28_repetition_5,,,cpp,180,2,0.0,21495808
2024-12-01 23:30:54.766,run_28_repetition_5,,,cpp,180,2,0.0,21495808
2024-12-01 23:30:54.987,run_28_repetition_5,,,cpp,180,2,0.0,21495808
2024-12-01 23:30:55.207,run_28_repetition_5,,,cpp,180,2,0.0,21495808
2024-12-01 23:30:55.427,run_28_repetition_5,,,cpp,180,2,0.0,21495808
2024-12-01 23:30:55.647,run_28_repetition_5,,,cpp,180,2,0.0,21495808
2024-12-01 23:30:55.867,run_28_repetition_5,,,cpp,180,2,0.0,21495808
2024-12-01 23:30:56.087,run_28_repetition_5,,,cpp,180,2,0.0,21495808
2024-12-01 23:30:56.307,run_28_repetition_5,,,cpp,180,2,0.0,21495808
2024-12-01 23:30:56.527,run_28_repetition_5,,,cpp,180,2,0.0,21495808
2024-12-01 23:30:56.747,run_28_repetition_5,,,cpp,180,2,0.0,21495808
2024-12-01 23:30:56.967,run_28_repetition_5,,,cpp,180,2,0.0,21495808
2024-12-01 23:30:57.187,run_28_repetition_5,,,cpp,180,2,0.0,21495808
2024-12-01 23:30:57.406,run_28_repetition_5,,,cpp,180,2,0.0,21495808
2024-12-01 23:30:57.626,run_28_repetition_5,,,cpp,180,2,0.0,21495808
2024-12-01 23:30:57.846,run_28_repetition_5,,,cpp,180,2,0.0,21495808
2024-12-01 23:30:58.066,run_28_repetition_5,,,cpp,180,2,0.0,21495808
2024-12-01 23:30:58.286,run_28_repetition_5,,,cpp,180,2,0.0,21495808
2024-12-01 23:30:58.505,run_28_repetition_5,,,cpp,180,2,0.0,21495808
2024-12-01 23:30:58.725,run_28_repetition_5,,,cpp,180,2,0.0,21495808
2024-12-01 23:30:58.944,run_28_repetition_5,,,cpp,180,2,0.0,21495808
2024-12-01 23:30:59.164,run_28_repetition_5,,,cpp,180,2,0.0,21495808
2024-12-01 23:30:59.385,run_28_repetition_5,,,cpp,180,2,0.0,21495808
2024-12-01 23:30:59.605,run_28_repetition_5,,,cpp,180,2,0.0,21495808
2024-12-01 23:30:59.825,run_28_repetition_5,,,cpp,180,2,0.0,21495808
2024-12-01 23:31:00.046,run_28_repetition_5,,,cpp,180,2,0.0,21495808
2024-12-01 23:31:00.265,run_28_repetition_5,,,cpp,180,2,0.0,21495808
2024-12-01 23:31:00.486,run_28_repetition_5,,,cpp,180,2,0.0,21495808
2024-12-01 23:31:00.706,run_28_repetition_5,,,cpp,180,2,0.0,21495808
2024-12-01 23:31:00.926,run_28_repetition_5,,,cpp,180,2,0.0,21495808
2024-12-01 23:31:01.147,run_28_repetition_5,,,cpp,180,2,0.0,21495808
2024-12-01 23:31:01.366,run_28_repetition_5,,,cpp,180,2,0.0,21495808
2024-12-01 23:31:01.586,run_28_repetition_5,,,cpp,180,2,0.0,21495808
2024-12-01 23:31:01.806,run_28_repetition_5,,,cpp,180,2,0.0,21495808
2024-12-01 23:31:02.026,run_28_repetition_5,,,cpp,180,2,0.0,21495808
2024-12-01 23:31:02.246,run_28_repetition_5,,,cpp,180,2,0.0,21495808
2024-12-01 23:31:02.466,run_28_repetition_5,,,cpp,180,2,0.0,21495808
2024-12-01 23:31:02.687,run_28_repetition_5,,,cpp,180,2,0.0,21495808
2024-12-01 23:31:02.908,run_28_repetition_5,,,cpp,180,2,0.0,21495808
2024-12-01 23:31:03.127,run_28_repetition_5,,,cpp,180,2,0.0,21495808
2024-12-01 23:31:03.347,run_28_repetition_5,,,cpp,180,2,0.0,21495808
2024-12-01 23:31:03.567,run_28_repetition_5,,,cpp,180,2,0.0,21495808
2024-12-01 23:31:03.787,run_28_repetition_5,,,cpp,180,2,0.0,21495808
2024-12-01 23:31:04.007,run_28_repetition_5,,,cpp,180,2,0.0,21495808
2024-12-01 23:31:04.227,run_28_repetition_5,,,cpp,180,2,0.0,21495808
2024-12-01 23:31:04.447,run_28_repetition_5,,,cpp,180,2,0.0,21495808
2024-12-01 23:31:04.668,run_28_repetition_5,,,cpp,180,2,0.0,21495808
2024-12-01 23:31:04.888,run_28_repetition_5,,,cpp,180,2,0.0,21495808
2024-12-01 23:31:05.108,run_28_repetition_5,,,cpp,180,2,0.0,21495808
2024-12-01 23:31:05.329,run_28_repetition_5,,,cpp,180,2,0.0,21495808
2024-12-01 23:31:05.549,run_28_repetition_5,,,cpp,180,2,0.0,21495808
2024-12-01 23:31:05.769,run_28_repetition_5,,,cpp,180,2,0.0,21495808
2024-12-01 23:31:05.989,run_28_repetition_5,,,cpp,180,2,0.0,21495808
2024-12-01 23:31:06.210,run_28_repetition_5,,,cpp,180,2,0.0,21495808
2024-12-01 23:31:06.430,run_28_repetition_5,,,cpp,180,2,0.0,21495808
2024-12-01 23:31:06.650,run_28_repetition_5,,,cpp,180,2,0.0,21495808
2024-12-01 23:31:06.870,run_28_repetition_5,,,cpp,180,2,0.0,21495808
2024-12-01 23:31:07.091,run_28_repetition_5,,,cpp,180,2,0.0,21495808
2024-12-01 23:31:07.311,run_28_repetition_5,,,cpp,180,2,0.0,21495808
2024-12-01 23:31:07.531,run_28_repetition_5,,,cpp,180,2,0.0,21495808
2024-12-01 23:31:07.751,run_28_repetition_5,,,cpp,180,2,0.0,21495808
2024-12-01 23:31:07.984,run_28_repetition_5,,,cpp,180,2,0.0,21495808
2024-12-01 23:31:08.206,run_28_repetition_5,,,cpp,180,2,0.0,21495808
2024-12-01 23:31:08.433,run_28_repetition_5,,,cpp,180,2,0.0,21495808
2024-12-01 23:31:08.662,run_28_repetition_5,,,cpp,180,2,0.0,21495808
2024-12-01 23:31:08.892,run_28_repetition_5,,,cpp,180,2,0.0,21495808
2024-12-01 23:31:09.118,run_28_repetition_5,,,cpp,180,2,0.0,21495808
2024-12-01 23:31:09.337,run_28_repetition_5,,,cpp,180,2,0.0,21495808
2024-12-01 23:31:09.558,run_28_repetition_5,,,cpp,180,2,0.0,21495808
2024-12-01 23:31:09.778,run_28_repetition_5,,,cpp,180,2,0.0,21495808
2024-12-01 23:31:09.998,run_28_repetition_5,,,cpp,180,2,0.0,21495808
2024-12-01 23:31:10.217,run_28_repetition_5,,,cpp,180,2,0.0,21495808
2024-12-01 23:31:10.436,run_28_repetition_5,,,cpp,180,2,0.0,21495808
2024-12-01 23:31:10.659,run_28_repetition_5,,,cpp,180,2,0.0,21495808
2024-12-01 23:31:10.882,run_28_repetition_5,,,cpp,180,2,0.0,21495808
2024-12-01 23:31:11.104,run_28_repetition_5,,,cpp,180,2,0.0,21495808
2024-12-01 23:31:11.322,run_28_repetition_5,,,cpp,180,2,0.0,21495808
2024-12-01 23:31:11.538,run_28_repetition_5,,,cpp,180,2,0.0,21495808
2024-12-01 23:31:11.755,run_28_repetition_5,,,cpp,180,2,0.0,21495808
2024-12-01 23:31:11.972,run_28_repetition_5,,,cpp,180,2,0.0,21495808
2024-12-01 23:31:12.190,run_28_repetition_5,,,cpp,180,2,0.0,21495808
2024-12-01 23:31:12.411,run_28_repetition_5,,,cpp,180,2,0.0,20099072
